16
167 241 217 42 130 200 216 254 67 77 152 85 140 226 179 71 
23 17 152 84 47 17 45 5 88 245 107 214 136 7 153 146 
72 51 98 65 243 13 35 229 95 48 209 200 237 97 12 75 
2 53 57 129 132 184 20 162 156 180 90 103 42 202 229 72 
233 197 241 176 196 21 138 229 155 77 57 246 247 232 161 5 
211 254 237 165 213 243 217 228 91 250 108 195 81 226 32 174 
12 225 6 152 109 97 255 52 161 30 25 253 54 80 233 183 
129 143 195 58 30 15 192 44 68 85 122 200 171 80 201 178 
222 178 246 181 226 76 79 221 159 136 103 189 206 31 242 97 
0 142 120 151 151 14 52 98 7 215 94 71 161 88 41 142 
91 162 245 98 70 134 156 196 46 54 42 2 115 18 100 230 
6 135 239 83 9 209 8 83 79 81 248 101 143 180 240 128 
183 203 25 238 154 235 215 24 204 79 162 124 140 55 223 193 
173 165 209 51 209 58 190 3 240 33 233 177 183 140 203 216 
47 127 242 179 140 109 72 208 30 72 27 45 79 175 113 113 
128 95 215 242 211 158 244 196 241 155 148 150 232 29 171 129 
147 179 115 126 27 39 217 196 57 87 22 100 65 185 53 21 
232 240 60 149 216 232 206 30 24 100 250 173 104 221 252 89 
50 19 1 9 57 11 15 31 229 202 113 104 5 248 54 46 
152 220 202 173 200 106 219 237 37 128 26 154 157 207 166 38 
67 25 221 175 232 58 137 197 31 60 109 25 157 56 222 16 
230 96 195 123 232 114 195 242 179 22 96 222 139 201 89 2 
185 16 50 98 205 185 65 247 115 118 245 211 219 183 163 213 
163 135 121 127 196 129 154 3 94 202 112 76 237 179 113 16 
238 127 32 107 12 136 5 170 235 244 150 62 124 71 8 206 
141 78 9 35 102 231 23 146 168 163 178 187 205 238 50 27 
62 21 56 12 84 30 240 147 8 136 150 159 116 87 175 225 
133 136 130 106 65 157 88 49 28 23 132 181 72 78 236 219 
57 63 106 10 202 17 185 29 240 134 107 80 11 141 238 80 
31 215 235 155 206 9 161 125 116 18 75 70 5 173 252 7 
119 190 217 129 109 141 126 132 136 84 74 24 216 4 92 179 
40 59 10 117 43 136 27 95 80 15 173 181 144 16 230 61 
